20 20
17 13  2 26 11 35  4 45 12 29 13 21  7 40  0 45  3 16 15 10 18 49 10 43 14 25  8 25  1 40  6 16 19 43  5 48  9 36 16 11  
 8 21  6 22 14 15  5 28 10 10  2 46 11 19 19 13 13 18 18 14  3 11  4 21 16 30  1 29  0 16 15 41 17 40 12 38  7 28  9 39  
 4 39  3 28  8 32 17 46  0 35 14 14  1 44 10 20 13 12  6 23 18 22  9 15 11 35  7 27 16 26  5 27 15 23  2 27 12 31 19 31  
 4 31 10 24  3 34  6 44 18 43 12 32  2 35 15 34 19 21  7 46 13 15  5 10  9 24 14 37 17 38  1 41  8 34  0 32 16 11 11 36  
19 45  1 23  5 34  9 23  7 41 16 10 11 40 12 46 14 27  8 13  4 20  2 40 15 28 13 44 17 34 18 21 10 27  0 12  6 37  3 30  
13 48  2 34  3 22  7 14 12 22 14 10  8 45 19 38  6 32 16 38 11 16  4 20  0 12  5 40  9 33 17 35  1 32 10 15 15 31 18 49  
 9 19  5 33 18 32 16 37 12 28  3 16  2 40 10 37  4 10 11 20  1 17 17 48  6 44 13 29 14 44 15 48  8 21  0 31  7 36 19 43  
 9 20  6 43  1 13  5 22  2 33  7 28 16 39 12 16 13 34 17 20 10 47 18 43 19 44  8 29 15 22  4 14 11 28 14 44  0 33  3 28  
 7 14 12 40  8 19  0 49 13 11 10 13  9 47 18 22  2 27 17 26  3 47  5 37  6 19 15 43 14 41  1 34 11 21  4 30 19 32 16 45  
16 32  7 22 15 30  6 18 18 41 19 34  9 22 11 11 17 29 10 37  4 30  2 25  1 27  0 31 14 16 13 20  3 26 12 14  5 24  8 43  
18 22 17 22 12 30 15 31 13 15  4 13 16 47 19 18  6 33  3 30  7 46  2 48 11 42  0 18  1 16  8 25 10 43  5 21  9 27 14 14  
 5 48  1 39  2 21 18 18 13 20  0 28 15 20  8 36  6 24  9 35  7 22 19 36  3 39 14 34  4 49 17 36 11 38 10 46 12 44 16 13  
14 26  1 32  2 11 15 10  9 41 13 10  6 26 19 26 12 13 11 35  5 22  0 11  7 24 17 33  8 11 10 34 16 11  3 22  4 12 18 17  
16 39 10 24 17 43 14 28  3 49 15 34 18 46 13 29  6 31 11 40  7 24  1 47  9 15  2 26  8 40 12 46  5 18 19 16  4 14  0 21  
11 41 19 26 16 14  3 47  0 49  5 16 17 31  9 43 15 20 10 25 14 10 13 49  8 32  6 36  7 19  4 23  2 20 18 15 12 34  1 33  
11 37  5 48 10 31  7 42  2 24  1 13  9 30 15 24  0 19 13 34 19 35  8 42  3 10 14 40  4 39  6 42 12 38 16 12 18 27 17 40  
14 19  1 27  8 39 12 41  5 45 11 40 10 46  6 48  7 37  3 30 17 31  4 16 18 29 15 44  0 41 16 35 13 47  9 21  2 10 19 48  
18 38  0 27 13 32  9 30  7 17 14 21  1 14  4 37 17 15 16 31  5 27 10 25 15 41 11 48  3 48  6 36  2 30 12 45  8 26 19 17  
 1 17 10 40  9 16  5 36  4 34 16 47 19 14  0 24 18 10  6 14 13 14  3 30 12 23  2 37 17 11 11 23  8 40 15 15 14 10  7 46  
14 37 10 28 13 13  0 28  2 18  1 43 16 46  8 39  3 30 12 15 11 38 17 38 18 45 19 44  9 16 15 29  5 33  6 20  7 35  4 34  
20 20
17 15  2 28 11 10  4 46 12 19 13 13  7 18  0 14  3 11 15 21 18 30 10 29 14 16  8 41  1 40  6 38 19 28  5 39  9 39 16 28  
 8 32  6 46 14 35  5 14 10 44  2 20 11 12 19 23 13 22 18 15  3 35  4 27 16 26  1 27  0 23 15 27 17 31 12 31  7 31  9 24  
 4 34  3 44  8 43 17 32  0 35 14 34  1 21 10 46 13 15  6 10 18 24  9 37 11 38  7 41 16 34  5 32 15 11  2 36 12 45 19 23  
 4 34 10 23  3 41  6 10 18 40 12 46  2 27 15 13 19 20  7 40 13 28  5 44  9 34 14 21 17 27  1 12  8 37  0 30 16 48 11 34  
19 22  1 14  5 22  9 10  7 45 16 38 11 32 12 38 14 16  8 20  4 12  2 40 15 33 13 35 17 32 18 15 10 31  0 49  6 19  3 33  
13 32  2 37  3 28  7 16 12 40 14 37  8 10 19 20  6 17 16 48 11 44  4 29  0 44  5 48  9 21 17 31  1 36 10 43 15 20 18 43  
 9 13  5 22 18 33 16 28 12 39  3 16  2 34 10 20  4 47 11 43  1 44 17 29  6 22 13 14 14 28 15 44  8 33  0 28  7 14 19 40  
 9 19  6 49  1 11  5 13  2 47  7 22 16 27 12 26 13 47 17 37 10 19 18 43 19 41  8 34 15 21  4 30 11 32 14 45  0 32  3 22  
 7 30 12 18  8 41  0 34 13 22 10 11  9 29 18 37  2 30 17 25  3 27  5 31  6 16 15 20 14 26  1 14 11 24  4 43 19 22 16 22  
16 30  7 31 15 15  6 13 18 47 19 18  9 33 11 30 17 46  4 48 10 42  2 18  1 16  0 25 14 43 13 21  3 27 12 14  5 48  8 39  
18 21 17 18 12 20 15 28 13 20  4 36 16 24 19 35  7 22  3 36  6 39 10 34 11 49  0 36  1 38  8 46  9 44  5 13  2 26 14 32  
 9 11  1 10  2 41 11 10 13 26  0 26 12 13 10 35  6 22  5 11  7 24 19 33  3 11 14 34 17 11  4 22 18 12  8 17 15 39 16 24  
 1 43 15 28  2 49 14 34  4 46 12 29 18 31 19 40 13 24 11 47  5 15  0 26  7 40 17 46  8 18 10 16 16 14  3 21  9 41  6 26  
16 14  6 47 17 49 10 16  3 31 12 43  4 20  8 25 14 10 18 49  7 32  0 36  9 19  2 23 15 20  5 15 13 34 19 33 11 37  1 48  
 4 31 11 42  7 24  6 13  0 30 14 24 17 19 19 34 16 35 10 42 15 10 13 40  2 39  8 42  5 38  9 12  1 27 18 40 12 19  3 27  
 6 39  5 41 13 45 15 40  2 46  9 48  7 37  0 30  1 31 12 16 19 29 14 44  3 41  8 35 10 47 11 21  4 10 16 48 18 38 17 27  
16 32  1 30  8 17 18 21  0 14 17 37 10 15 12 31  7 27  3 25  5 41  4 48 13 48  6 36  2 30 15 45 11 26  9 17 14 17 19 40  
18 16 17 36  4 34  2 47 10 14 15 24  1 10  3 14  7 14 12 30  5 23  9 37  8 11 14 23 11 40  6 15 16 10  0 46 13 37 19 28  
17 13 13 28 11 18 16 43  7 46  8 39  3 30  5 15  4 38  2 38 14 45  0 44 10 16  6 29 12 33  1 20 19 35 15 34  9 16 18 40  
17 14  2 30  0 27 15 47 18 43  3 17 14 13  6 43  7 45 12 32 13 13 16 48  1 10  4 14 10 42  9 38  5 43 19 22 11 43  8 23 
20 20
13 47 16 21 17 27  8 46  1 27 14 39 19 24  4 34  7 27  3 36  6 11  5 32  0 13  9 40  2 40 15 20 18 45 10 23 12 36 11 31  
 1 40 11 20 12 27  6 32 16 26 13 36 10 37  7 26  3 22  4 44 18 18  2 11 17 15  9 27 15 39  5 25  8 16 14 13  0 49 19 25  
 9 40  8 11 14 47  2 35 13 41  7 37  1 37 18 28  6 42  3 23 10 41  5 33 17 25  0 19 19 15 16 42 12 37 11 34  4 10 15 41  
 2 28  4 18 11 42  5 26 13 27  6 24 12 41  0 25  1 27  7 40 17 40 14 49 10 33  3 30 15 34 16 17  8 49  9 21 18 35 19 42  
 7 26  9 27  4 25  3 42 19 28 15 22 17 34  0 15  6 46  1 34 12 47  2 16 16 34 10 31 14 24  5 43 13 45 11 47  8 18 18 15  
 4 30  8 48  1 46 15 13  9 20  7 31 14 20  2 20 16 34 19 38 18 12 17 11 11 47  5 19  0 35 13 17 10 23 12 11  3 22  6 11  
 3 27  2 11  5 17  0 43  1 25 15 24 18 36  8 12  9 21 13 44 10 17 17 41 16 34 11 14 12 45  7 45 14 27  6 47  4 47 19 11  
 5 27  4 41 17 44 16 16 11 42 10 29  3 23  2 15  0 22 13 28  7 16 14 39  9 21 12 15 18 32 15 36  1 29  8 18  6 39 19 33  
 4 44 19 38 11 24 17 21 13 34 15 11 10 16  8 43 16 41  7 45  3 37  9 10  6 36 18 31  2 17 14 28 12 43  0 22  1 25  5 15  
 7 40 15 23  4 37  2 12  8 28 12 19 10 30 17 40 13 20 18 11  5 23 16 46  3 40  1 37 14 17  0 16 11 31  6 15  9 10 19 22  
 5 10  1 37 15 22  2 28  6 10  9 21 19 38 16 35  7 34  0 13 14 33 11 16  4 26  3 20 17 10 18 37 13 21  8 31 10 27 12 23  
16 32  6 32  7 20  1 14  0 11 19 27  3 21 18 32 10 33 13 13 17 36  8 25  4 32  5 41 15 44  2 32 14 12  9 32 12 10 11 28  
 7 28  9 33 11 35 17 44  4 43 16 35 12 31  2 14  6 48  8 40 15 28  0 31  3 22  5 30 13 27 10 24 18 47 14 38  1 46 19 22  
12 33  6 33 14 38  9 15 10 16 13 24  1 30  8 18  7 46  2 30 17 37 11 24  5 13  3 14 18 11 16 38  0 31  4 24 19 42 15 30  
10 15 16 12  6 43 18 27  0 24  9 20  3 41  2 22 12 41 11 30  5 26  4 24  7 45 13 46 14 22 15 11  8 20  1 42 19 11 17 49  
 4 14 19 30 17 15  7 17  8 34  2 48  3 45 14 16 12 23 16 29 13 28  6 28 18 24 10 21  5 37  1 38 11 31  0 29  9 42 15 22  
15 41 17 19  5 37  7 36  8 47 12 49 11 29  6 18  9 33 10 30  0 49 16 37  3 11  2 46 14 36 18 35 13 45  1 31  4 33 19 18  
 9 42  4 11 15 28 18 48  6 22  8 15  1 37 11 36  3 26 19 21  2 48 16 17 12 30 10 27 13 35 17 20  0 18  7 14 14 20  5 41  
19 35 17 19 16 20 15 36  1 15  3 46  4 13  8 42 18 19  5 37  2 10 13 44 10 30 11 20 14 42  6 35  0 26  9 29  7 21 12 42  
17 33  3 11  7 42 16 45  9 29  0 27  5 15 13 37  2 32 11 25 14 21  8 49 19 34  1 31 15 35  6 32  4 20 18 30 10 24 12 29  
20 20
16 34 17 38  0 21  6 15 15 42  8 17  7 41 18 10 10 26 11 24  1 31 19 25 14 31 13 33  4 35  9 30  3 16 12 16  5 30  2 13  
 5 41 11 33  6 15 16 38  0 40 14 38  3 37  1 20 13 22  4 34  7 16 17 39  9 15  2 19 10 36 12 39 18 26  8 19 15 39 19 34  
17 34  1 12 16 10  7 47 13 28 15 27  0 19  6 34 19 33 12 40  9 37 14 24  8 15 10 34  2 44  3 37 18 22 11 31  4 39  5 26  
 5 48  7 46 16 47 10 45 14 15  8 25  0 34  3 24 12 35 18 15  2 48 13 19 11 10  1 48 17 16 15 28  4 18  6 17  9 44 19 41  
12 47  3 23  9 48 16 45 14 39  6 42  8 32 15 11 13 16  5 14 11 19  1 46 19 10 10 17  7 41  2 47 17 32  4 17  0 21 18 17  
18 14 16 20  1 18 12 14 13 10  6 16  5 24  4 18  0 24 11 18 15 42 19 13  3 23 14 40  9 48  8 12  2 24 10 23  7 45 17 30  
 0 27 12 15  4 26 13 19 17 14  5 49  7 16 18 28 16 16  8 20  9 36  2 21 14 30  3 36  1 17 15 22  6 43 11 32 10 23 19 17  
 0 32 16 15 17 12  7 46  3 37 18 43 11 40 13 43  9 48  4 36 15 24  8 25  1 33 14 32  5 26  6 37 12 24 10 24  2 15 19 22  
10 34  6 33 15 25  8 46  0 20 18 33  4 19 13 45  2 47  1 32  3 12 11 29 16 29  5 46 12 17  7 48 14 39 17 40 19 41  9 37  
13 26  3 47  5 44  6 49  1 22 17 12 10 28 19 36  9 27  4 25 14 48  7 11 16 49 12 24 11 48  2 19  0 47 18 49  8 46 15 36  
13 23 18 48 14 15  0 42  3 36  8 15  6 32 10 18  1 45 15 23 11 45  2 13 17 21 12 32  7 44  5 25 19 34 16 22  9 11  4 43  
17 37  7 49 15 45  2 28  9 15  8 35 12 29 13 44  1 26  4 25  5 30  3 39  0 15 14 28 18 23  6 42 11 33 16 45 10 10 19 20  
 0 10  6 37  3 15 13 13 10 11  2 49  1 28 14 28 15 13  8 29 12 21 16 32 11 21  4 48  5 11 17 26  9 33 18 22  7 21 19 49  
18 38  0 41  4 30 13 43  6 11  2 43 14 27  3 26  9 30 15 19 16 36  1 31 17 47  5 41 10 34  8 40 12 32  7 13 11 18 19 27  
 6 24  5 30  7 10 10 35  8 28 16 43 19 12  9 44 15 15  3 15  2 35 18 43  0 38  4 16  1 29 17 40 14 49 13 38 12 16 11 30  
 3 48  6 35 13 43  2 37 17 18  5 27  9 27  7 41  1 22 15 28 16 18 10 37 18 48  4 10  8 14 11 18 14 43  0 48 12 12 19 49  
 0 13 13 38  7 34  6 42  1 36  5 45 18 24  8 35 14 26 19 30 12 47 16 24 11 47  4 40 10 43  3 16 15 10  2 12  9 39 17 22  
16 30 13 47 19 49  8 20  4 40  3 46 17 21 14 33  6 44  7 23  9 24  0 48 10 43 15 41  2 32  5 29 11 36  1 38 12 47 18 12  
13 10  5 36 12 18 16 48  0 27 14 43 10 46  6 27  7 46 19 35 11 31  2 18  8 24  3 23 17 29 18 14  9 19  1 40 15 38  4 13  
 9 45 16 44  0 43 17 31 14 35 13 17 12 42  3 14 18 37 10 39  6 48  7 38 15 26  4 49  2 28 11 35  1 42  5 24  8 44 19 38  